name: assignment1
channels:
  - defaults
dependencies:
  - sqlite=3.51.1=hda9a48d_0
  - zlib=1.3.1=h02ab6af_0
  - vs2015_runtime=14.44.35208=ha6b5a95_10
  - expat=2.7.4=hd7fb8db_0
  - ucrt=10.0.22621.0=haa95532_0
  - libffi=3.4.4=hd77b12b_1
  - vc=14.3=h2df5915_10
  - tzdata=2025c=he532380_0
  - libzlib=1.3.1=h02ab6af_0
  - vc14_runtime=14.44.35208=h4927774_10
  - python=3.11.14=h981015d_0
  - libexpat=2.7.4=hd7fb8db_0
  - tk=8.6.15=hf199647_0
  - openssl=3.6.1
  - bzip2=1.0.8=h2bbff1b_6
  - xz=5.6.4=h4754444_1
  - packaging=25.0=py311haa95532_1
  - setuptools=80.10.2=py311haa95532_0
  - wheel=0.46.3=py311haa95532_0
  - ca-certificates=2026.2.25
  - pip=26.0.1=pyhc872135_0
  - scikit-learn
  - pandas
  - polars
  - seaborn
  - numpy
  - pyarrow
  - ipykernel
prefix: C:\Users\mikev\miniconda3\envs\assignment1
